% ./initialize
i0 = 0, i1 = 1, d0 = 0.000000, d1 = 0.100000, s0 = (null), s1 = sample string
i0 = 1, i1 = 2, d0 = 1.100000, d1 = 1.200000, s0 = sample1, s1 = sample2
i0 = 0, i1 = 1, d0 = 0.000000, d1 = 0.100000, s0 = (null), s1 = sample string
% 
